2
192
2294
2340
2204
1740
3955
2391
1375
1372
1698
968
1974
1401
1274
1440
1392
1511
1606
1604
1216
1300
1333
1360
1482
764
1286
1372
935
1740
1380
1665
1508
1512
1112
2071
1512
1323
1287
1289
1193
1556
1242
1325
1351
1469
564
821
1449
1068
1731
1672
1066
1164
1847
978
1578
1760
864
1675
1579
731
1653
1603
842
681
924
1618
1392
1469
1685
1561
1682
1655
1675
1674
1574
1659
1672
1665
1640
1590
1654
1703
1678
1647
1629
1717
1719
1407
383
670
1148
1234
1917
1052
1413
1416
1177
1229
1185
1602
1292
1192
1345
1449
1234
1194
1439
1651
670
1431
1207
1307
1270
1438
1096
1307
1940
911
1290
1888
1349
1295
1445
1468
1593
1576
1060
455
995
1125
1013
1334
1441
1682
1428
1527
1443
1393
1526
1478
1419
1472
1398
1466
1326
1166
1467
1286
866
791
866
1151
1033
1647
1628
2803
2365
1034
1847
1680
1381
1420
1253
1430
858
988
1122
1060
2237
1136
1685
1168
359
1507
1618
1346
1479
1765
1563
1871
2096
2099
1991
1553
1944
1395
2289
1395
1662
1614
2833
2055
1866
1225
2248
672
1465
2674
1710
2087
1871
1832
1796
1898
1915
1911
1890
1795
1805
1649
1868
1910
1923
2061
2142
1649
1573
2058
1550
2799
1807
1707
1581
2352
708
2122
2128
2171
2132
1884
2370
1961
1779
1836
2018
1942
1784
1975
1882
1852
1881
1930
1957
1849
1586
1707
1340
1102
1503
1722
1179
1757
558
1344
1848
2317
1744
1787
2063
2139
1998
2022
1920
2095
2075
2192
1629
1114
1954
1917
1488
1722
1867
1709
1893
1802
1966
1297
1241
1056
2017
1894
1496
1303
1913
1276
1908
1606
1496
1398
1861
1108
1536
2124
2327
1416
1857
1472
2194
1629
1650
2016
1779
1797
1850
986
2018
1799
1575
1763
1822
1858
1618
1302
1591
1279
1974
1633
1273
1471
1573
1464
1568
1058
1028
1104
1659
1097
1544
2778
2906
1575
1697
1956
1584
1829
1624
1636
1493
1709
1615
1646
1573
1979
1949
1841
1693
1820
1804
2125
2086
1509
2236
1834
1702
1948
1782
1816
1903
2092
1844
1199
1438
1274
1166
1307
799
1362
927
1418
1496
1636
3095
1356
1063
1490
1752
848
1608
2048
1743
1307
1729
990
1449
1847
888
915
1561
2021
4011
5249
1097
1569
1652
1474
1251
1222
1315
1212
1326
1468
2178
2092
2057
2315
1642
971
1918
1906
2357
2381
3490
3718
1304
2250
2261
1955
1888
1957
1691
1492
1953
1783
2063
2157
1980
2263
2150
2083
1423
1714
1936
1435
1520
2030
1391
1203
1103
2718
2704
2526
2650
2626
2849
2723
2631
2349
2642
2982
2922
2056
1655
1850
2140
2956
3219
1609
2094
2176
1977
2379
2221
2320
2106
1459
2422
2222
2335
2300
1886
1520
2119
1465
2656
2087
4730
2216
1927
1683
1604
1496
1774
1649
1502
1228
1521
1318
1988
1769
2109
1900
1749
2200
1547
1894
1714
2160
3222
2588
2386
1883
1663
1948
1524
2637
1374
2132
2707
2139
2091
2318
2209
1678
2027
1861
1833
2078
2200
2127
2097
2063
2311
2037
2301
2001
2210
2250
2586
3030
3028
2889
2564
2695
2793
2632
2942
3080
2577
2321
2304
2390
2598
3017
3295
3116
3059
2740
2840
3069
2433
2574
2398
2446
1930
2121
2163
2082
2869
2959
3092
2472
2382
1842
2374
2708
2934
2251
2560
2430
1811
1653
1679
2118
1726
2019
1650
1695
2150
2055
1358
2052
2366
1557
1710
1932
1981
1840
1950
2612
2429
1944
2357
2117
2335
2341
2707
2500
2208
2302
2034
2019
2208
2455
1992
2064
2363
2158
1715
2174
1895
2160
2183
1946
1203
1817
1953
2534
1768
1329
1644
1532
1499
2500
1434
1653
1607
1678
2101
1971
2047
2064
1887
1660
1609
2354
2231
1952
1813
2057
1900
2331
1909
2351
2123
1527
1879
1836
1987
2043
2350
2664
2443
2883
2569
2158
2198
2188
2238
2488
2511
2862
2293
2259
2275
2671
2175
2250
2362
2617
2305
1905
2067
2279
2166
2435
2670
2746
2896
3023
2306
2200
1867
1950
1658
1783
1597
1800
1813
2623
2434
3048
1822
1944
3002
1971
1814
2759
1772
2277
1658
2045
1917
2026
2057
2107
1976
2028
2031
2044
1913
2188
2276
2389
1967
1453
1621
1643
2263
2779
2469
2754
2462
2593
2395
2696
2658
2510
2770
2495
2039
2011
2447
2239
1696
1629
1615
1801
1557
2210
2241
2491
2815
4474
1361
2949
2362
2702
2583
2025
1544
1762
1893
1464
1919
2474
1793
1597
2182
2136
2285
2235
2338
2129
2307
2340
2320
2350
2239
2373
2377
2544
2386
2635
2335
2453
2308
2522
2817
2821
2907
2824
2918
2723
2852
1943
2469
2942
2009
2101
2305
1825
2565
2107
1442
1722
3490
3599
3650
3107
2648
2513
1687
2373
2655
2883
3348
2594
2534
2538
2572
2819
2819
2754
2613
2589
2465
2632
2388
2523
2509
2743
2742
2134
2186
2581
2598
2767
2344
2428
1741
1762
1270
2254
2377
2434
2336
2134
2262
2241
1811
2055
2656
2950
3616
3108
3256
3639
3017
1524
2460
2547
2903
3533
3424
3113
2489
2585
2608
1976
1718
2170
2556
3022
2407
2571
2557
2547
2486
2309
2826
2948
2660
2031
3508
1621
1550
1960
2068
2302
2160
2101
2270
2157
2175
2177
1789
2172
2070
2191
2133
2189
1939
1851
2244
2154
2326
2205
2072
2127
2308
2480
2304
2463
2466
1942
1950
1569
1515
2606
2751
1943
2186
1999
1554
2897
2599
2212
2352
2547
2566
2800
2906
2758
3146
3022
3376
3735
3816
2652
2114
2398
2061
2684
2733
2881
2361
2619
2226
1572
2474
2795
2728
2806
2723
2659
3568
2766
3039
743
2558
2613
2799
2791
2701
3295
2815
2497
2511
2858
2852
2705
2965
2967
3095
2658
3158
2599
1414
1861
2478
2756
3180
2843
2923
3136
2036
1993
2554
2825
2774
2460
2811
2968
2929
2697
2658
1873
1607
1464
2051
1564
1966
1740
2036
1773
2419
2457
2310
2253
2599
2336
2478
2509
2889
1990
1866
2557
3057
2890
3113
2490
2317
2288
2718
2395
2507
1968
2575
2351
2349
2282
2644
2230
2238
2147
1539
1645
2396
2266
2114
2300
1737
1848
2600
2526
2518
2686
2433
3221
3151
3910
2424
1163
1535
2060
2184
2505
2346
2549
2545
2485
2320
2130
2394
2990
2414
2376
2644
2511
2394
2210
2923
2986
3589
2275
2333
1842
2170
1882
1943
1681
1873
2115
1792
1717
1760
1949
1838
2180
2238
2399
2426
2602
2367
2805
2566
2893
2540
2007
2131
2239
2243
2349
2226
2326
2375
2583
1776
2110
2075
2007
2593
2135
1803
1957
2287
2850
2371
2369
2660
2660
2806
2572
2681
2887
2752
2514
2795
2837
2704
2670
2540
2696
3207
2961
2551
2694
2890
2606
2750
2673
2548
2452
1849
1802
2420
2643
2821
2143
1875
2165
1484
2480
1932
1929
2484
2467
2814
2108
2407
3679
3518
4050
3831
3633
2939
2225
2141
2228
3725
4248
3084
2785
2673
2355
2522
2936
3421
3367
2834
2706
3077
2845
2812
2694
2689
2910
3049
3167
2819
2611
3169
3330
2295
2923
2847
2694
1192
2554
3227
2086
2168
2384
2816
2979
2566
2794
2932
3240
3030
2864
2758
2962
3189
2640
2732
2675
2846
2682
2572
2691
2971
2992
2683
3003
2536
3038
2730
2711
2810
2674
2792
2595
2781
2928
3215
2911
2846
2726
2788
2898
1988
1216
2168
2317
2672
2946
2511
2597
2513
2596
2651
2751
2754
3160
2832
2621
2857
2789
3113
2954
2912
2633
2872
2844
3026
2836
2490
2545
2845
2549
2425
2615
2427
2458
2196
2237
2283
2314
1641
1880
1801
1897
1743
2110
1935
1973
3160
3099
2800
2549
2630
2512
2820
2805
3022
3118
2969
2658
2378
2286
2148
2258
2334
2801
2697
2876
2326
2534
2242
2303
2255
2226
2289
2137
2443
2110
1911
2169
2303
2414
2243
2262
3595
2623
2327
2259
2501
2252
2896
2901
2464
2545
2422
2433
2176
2293
2656
3210
2604
2960
2800
3048
2922
2744
2906
2824
2965
2688
2881
3095
2891
2912
2750
2982
2535
2724
2723
1845
1698
2534
1936
2062
2044
2014
1924
1933
2066
2088
2536
2082
2485
2418
2637
2161
2144
2222
2108
2190
2035
1964
1719
2286
2724
2362
2375
2292
2449
2374
2256
2117
2446
2636
2360
2371
2718
2540
3531
4206
3724
2644
2989
2451
3130
2946
2611
2508
3073
2895
2820
2754
2962
3484
3429
2835
3131
2516
2531
3538
3442
2711
2613
3090
2866
3344
3253
3174
3396
3416
3008
3171
3129
2947
2911
2508
2720
2879
2915
2766
2841
1493
1450
1883
2204
2354
2423
2506
2536
2641
1885
2582
2630
2625
2302
2575
2431
2542
2376
2543
2411
2560
2347
2154
2192
2335
2166
2362
2703
3263
2912
2795
2874
3058
2886
2955
3759
3799
3871
3792
3723
1975
2169
2407
2932
2896
2182
2235
2398
3099
2359
2981
2540
2056
2969
3084
2665
2961
2644
3217
3257
2723
2381
2205
2536
2730
3239
1716
1977
2005
2230
2433
2628
2656
2014
2568
2691
2961
3615
3042
2673
1876
1716
1812
2121
2327
2015
2250
2483
2923
2871
2394
2675
2310
1713
2030
2162
2160
2274
2751
2076
2170
2434
2992
3069
2512
2613
3226
3219
2715
2791
2468
2886
2694
2814
2491
2884
2755
2963
2605
1931
1975
1623
2588
2531
2468
2170
2816
1718
2345
2184
2136
2446
1893
1230
2281
2421
1852
2122
2312
2270
2304
2498
2172
2518
2510
2771
2712
2868
2522
2712
2901
3189
3016
2836
3263
2841
1778
1979
2207
2137
2528
3340
3471
2926
3377
2384
2468
2242
2777
2926
2501
2490
2186
2188
2177
2404
2969
2999
3100
2684
2200
2167
2664
3192
2947
2916
3502
3441
3080
3250
3317
3066
3338
2265
2560
2748
2991
2431
2120
1565
2072
2309
3105
2987
2510
2276
2095
2235
2029
2169
2481
2309
2410
2028
2269
1502
2279
2164
2143
2199
2204
2887
2403
2228
2686
3139
4416
3955
3575
3472
3933
3897
4098
4239
3909
3405
3591
3244
2992
2284
2162
2181
1974
2455
2849
3156
2957
3460
3012
3240
3082
2855
3055
2836
2918
3395
3036
3110
3112
2383
2861
2287
2805
1846
2490
2729
2640
2743
2923
2520
2734
2619
2592
2882
1985
2886
2292
2901
2754
2976
2715
2783
2009
2876
2491
3858
4053
3698
4327
4582
4370
3749
3563
3625
3741
4142
3067
2260
3151
3253
3347
3055
3101
3006
2727
2632
2885
2231
2965
2491
2122
1646
2956
2630
2871
2732
2813
2580
2652
2881
3549
2797
2674
3248
3392
3183
3243
3146
3723
2165
2191
2147
2861
2689
3875
3641
3323
4070
4378
4078
3767
4192
3368
3495
3353
2997
2994
3365
3430
3229
3295
3012
3489
3185
3419
3285
3286
2850
2887
2763
3456
1285
1758
3346
3496
2888
3338
2942
2419
2216
1722
2225
2805
2812
3115
2150
2325
2353
2595
2858
1948
2985
4038
3603
3053
2744
2461
2716
2075
3260
3194
2423
2647
2912
3214
2675
2296
2754
2735
2670
2251
2444
2271
1514
1885
2078
2423
1936
2145
2707
1385
2927
3537
3202
3129
2064
3252
3588
3795
3717
3568
4314
5200
5277
4955
3716
3384
3067
3171
2725
3213
3084
1938
1849
1917
2830
3091
3573
4084
4746
4480
5091
5219
5586
5656
3752
3684
3692
3676
3649
3342
3527
2164
2170
2518
3619
3362
3559
3527
3348
3616
3534
3417
3572
3532
3322
3562
3556
2527
2298
2391
2449
2990
3410
3802
3681
4539
4863
4215
4460
3671
3287
3523
3389
3284
3632
3516
3294
3523
3468
3370
3266
3260
3635
3570
3382
3553
3301
2060
3448
3248
3604
4068
3552
3286
3077
3219
2273
2807
1358
3164
4159
3395
3491
3350
3455
3584
3332
3703
2847
2128
2107
3261
3604
4319
4856
4403
3416
3431
3248
3228
3673
3298
3387
3410
3302
3551
3422
3322
2650
2299
2363
2560
2742
2234
2592
2767
2926
3486
2044
2108
1984
2393
2520
2633
1859
2516
2747
2463
2704
3042
3055
3258
3276
3717
2661
2592
3753
3377
3277
3360
3475
3852
4290
4800
3866
4070
4142
3958
2386
2757
3559
3362
3158
2172
1665
1854
2738
2962
2522
1898
3070
4142
2974
3824
3935
4219
4909
4651
4923
4559
5081
4140
3353
3053
2359
2857
2496
3159
1511
3343
3037
2209
2060
2228
2458
2488
2205
2213
2292
2392
2250
2018
2129
2968
2732
2616
2447
2927
3360
2403
2977
3557
3103
2723
3097
3188
3060
2083
2995
3041
3439
2223
2841
3988
2896
2665
2239
2092
2428
1838
2469
3351
4206
3933
4397
2851
2808
2038
3016
3739
3437
3312
3802
2114
2014
1994
2820
2891
3760
2812
3573
3310
3168
2394
2076
2008
2124
3195
2981
3146
3238
2961
2650
2439
2172
2226
2320
3032
3164
3058
3316
3808
3506
2630
3298
1813
2209
3972
4977
4340
3927
4945
3407
3442
3241
3484
3183
3517
3197
3387
2751
2549
2312
1885
2660
2948
3850
4251
3729
3946
2294
2297
2091
2006
2037
2826
3898
2623
3159
3324
2863
2160
2599
2827
1960
2029
1916
2293
1961
1958
1877
3363
1963
2276
2172
2252
2162
2160
2636
2461
3032
2475
2871
2341
2575
2379
2653
3046
2851
3621
3680
3892
4332
4604
4604
4466
4399
4608
2848
2792
3193
2706
3313
3258
3206
3131
2888
1970
1554
2207
3595
3370
3075
3303
3679
2490
2720
2292
2349
2631
3707
3156
2442
2453
3025
3527
3825
3762
4512
4668
4420
4950
4242
2889
2865
3586
3563
4219
3473
3214
3621
3401
3388
3467
3552
3395
3543
3611
3417
3514
3573
3471
3581
3263
3731
3443
3327
3494
2871
2738
3356
3680
3354
3295
3057
3514
3137
3209
3307
3401
2962
2177
2336
2463
2529
2655
1798
3361
3207
3710
3100
3209
3312
3428
3198
3386
3232
3172
3013
3321
2892
3272
3491
3379
3376
3342
3594
3174
2893
3510
3307
3683
3639
3214
2683
1752
2447
2909
3314
3200
3232
3262
3095
3395
3416
3208
3338
3351
3276
3442
3637
2985
2998
2891
3221
2767
2930
2415
2134
2585
2311
2437
2617
2355
2109
2149
2392
2194
2273
1970
2988
2361
1696
1526
2120
1999
1713
1833
1998
2457
3090
3231
2478
2688
1938
1811
2472
1971
2192
2989
2579
2703
1609
1502
2321
1999
2701
2167
2401
3539
3595
3769
4357
4214
4345
4943
4955
4948
3933
3668
3484
3372
3497
3188
3152
3495
1733
2086
2952
3457
2656
2744
2654
3324
2693
2433
2397
2474
2972
3103
3610
3599
3168
3503
3373
2800
3096
3245
2604
3030
2776
2896
1994
3321
3614
3579
3281
3040
3544
3593
3235
3544
3619
3192
2729
2714
3165
3017
3105
3292
1940
2843
2757
3519
3340
3397
3913
4024
3765
3769
3987
4196
3640
4024
3979
3952
3299
2457
2949
3059
2706
2976
2863
3163
2842
2829
3004
2805
2533
2678
2505
2816
3069
2143
2858
2862
2782
3025
3102
2800
2966
2881
3034
3012
2922
2102
1823
2035
1916
2242
3183
2513
2544
2699
2568
3214
2191
2027
3508
3284
3104
3623
4095
3586
4000
4020
3510
3816
3521
3568
3434
3591
3526
3625
3481
3255
3615
3235
2632
2605
2324
2206
2357
1734
3181
3729
2889
3306
3512
3066
3368
1827
1909
2211
2392
3021
3101
3132
3489
3770
3904
4063
4399
4780
3415
3182
3066
3364
3264
3159
3311
3301
3131
3364
3012
3338
3481
3169
3323
3410
3153
3275
3167
3486
3313
2638
3012
3345
3421
2483
3282
3212
3773
1173
2036
2567
1567
1580
2452
1950
2301
2658
2933
2831
2881
2530
2664
2577
3087
2817
2428
2876
2665
2681
2567
2562
2659
1372
1628
1634
2167
2278
2139
2252
1945
1962
1717
1527
1317
1871
1679
1731
2111
2209
2632
1986
2433
2638
2160
2351
2148
2397
2133
2267
1784
1902
2382
2402
2428
2469
2542
2857
2554
2457
2714
2752
2164
2937
3108
2705
2481
2469
2727
2671
2062
2354
1331
3362
4071
2672
2352
2656
3313
3247
3065
3041
2759
3028
3832
3799
4170
3885
3863
4269
4217
4060
4144
4035
2651
2521
3058
3465
3119
3113
3538
3085
3277
4315
3412
2485
3137
3293
3570
3123
2442
2642
2675
2878
3004
3204
3264
2982
3247
2896
2444
2651
3073
3156
3513
2283
2708
2727
2118
2505
3419
3422
3514
3394
3275
3594
3367
3007
1902
1807
2347
2714
2875
2831
2370
2897
2166
2033
2106
2353
3033
2710
2859
2949
2430
2359
2435
1486
2590
2144
1812
2457
3306
2374
2418
1853
1522
1295
1515
1604
2052
2039
1858
2099
1827
2177
2036
1991
2134
2293
2058
2237
2040
3006
2040
2097
1968
1944
2261
2308
2686
2335
1941
1702
1837
2031
1723
1550
1272
1959
2253
1999
1817
2072
2164
2042
2010
1974
1967
2458
2472
1926
1741
2236
2290
1401
1655
2567
2837
2845
2364
2361
2474
2738
2727
2590
2735
2533
2499
2431
2602
1548
1664
1472
1305
1987
1714
2049
1846
2065
2196
2271
2808
2857
2245
2635
2312
2082
2357
2845
2675
2849
2214
1862
1743
1851
1420
1426
2076
2222
1881
1686
1569
2036
1862
2318
2249
2063
3037
3403
3532
4139
4161
3145
2355
2174
2560
2391
2415
2797
2403
2353
2644
2100
1996
2396
2387
2464
2923
2663
2834
2684
2820
2742
2778
2882
2777
2916
2660
2787
2785
1649
1629
1631
1983
4226
2286
2209
1937
2042
1302
2585
2382
2578
2668
2432
2991
2797
2659
2873
2617
2840
2442
2757
2579
2722
2206
2469
2218
2183
2658
2148
2607
2214
2680
1743
1764
1592
1469
1757
2012
1679
3127
2181
1927
1816
2443
1613
2186
2115
2117
2196
2545
2303
2395
2347
2408
2209
2472
2171
2409
2299
2528
2299
2208
2244
2250
2289
2566
1768
1591
1944
1948
1926
2069
1871
1896
1916
1645
2118
2022
2255
1337
2277
2263
2505
2231
2612
2681
3164
2362
2405
2071
1960
2574
2578
2389
3016
2803
3223
2276
1785
1862
1634
1826
1995
2080
2201
1338
1497
1711
1870
2151
1759
1286
931
1692
2147
1664
2392
2118
1694
1863
1763
1639
1902
2299
1633
1389
1281
1623
1224
1454
1417
1735
1958
2034
3141
3381
3673
3344
3050
3261
3293
2840
2443
2095
2467
2646
3280
2961
2828
3853
3221
3102
2892
3348
3180
2869
2841
3532
3169
3449
4201
2838
2916
2108
2233
2263
2454
3212
2660
2759
2563
2665
2714
3026
2772
2869
3232
3355
3856
4139
4378
4875
4918
4610
4990
3342
3323
3572
2955
3030
2473
1717
2006
1837
2194
1607
1881
2203
2031
2074
2165
2189
2074
1725
2270
1832
2193
2241
2243
2317
2252
2148
2208
2036
2120
2039
2103
1906
1909
2187
2027
1955
1868
2161
2416
2516
1683
1962
1334
2279
2429
2784
2571
2514
2674
2887
2536
2645
2731
2560
1744
1937
2104
2444
2201
2388
2218
2104
2547
2051
2610
2021
2214
2790
3111
3485
2773
2972
2942
2921
3090
2962
3512
2790
2992
2505
3243
3210
3855
2742
4480
3481
2663
2478
2838
3033
2950
2979
3240
3034
3108
2724
3020
2018
2507
2570
3103
3289
3024
3369
3301
3000
2926
3097
3477
3513
3034
3181
2983
3218
3312
2881
3024
2780
2952
3315
2901
3022
2754
3112
2872
2787
2172
1794
1475
2132
1077
1566
2095
2316
2115
2001
1347
1288
1788
1704
1544
1786
2783
2721
2632
2418
2828
2758
2805
2816
2733
2918
2868
3257
2982
2959
2864
2846
2840
2952
3240
2812
3146
3082
2977
3198
3292
2734
3617
3141
1883
3156
2430
2457
2924
2868
2850
2558
1714
2301
2635
3710
2579
2840
2913
2498
2654
2719
3030
2563
2841
2224
2419
2486
2103
2144
1967
1749
1884
1467
2194
1497
1893
2139
1675
1232
1333
1277
3058
2522
3166
2874
2529
2950
2660
2879
2771
2707
3014
2656
2832
2710
2583
2511
2948
2771
2697
2349
2117
2633
2464
1898
2244
1456
1764
1418
1982
2008
1675
1296
1546
1356
1920
1577
1320
2527
2494
2915
2127
2204
2772
2410
1790
1857
2035
2130
2031
1556
2230
2164
1871
2115
2474
2575
1870
2299
1560
2117
2134
2343
2084
2138
2540
2335
1725
2481
1735
958
1665
2121
1984
1701
1379
1751
1574
1267
1494
1548
1765
2058
1759
1902
1869
1726
1843
1955
1478
1493
1616
1540
1980
1688
2153
2063
1489
1172
2052
2382
1754
2013
1630
1640
2030
1615
1687
1289
2061
2386
2449
2403
2606
2302
1667
1589
1507
1321
1631
1554
1343
1674
1608
1528
1189
1422
998
1647
1528
1496
1512
1668
1657
1691
2422
2274
2438
2434
2463
2572
3073
2460
2797
2472
2871
2879
2450
2672
2178
2134
1856
2062
2147
1737
1680
1897
2046
2450
2235
2340
1342
2050
2397
2410
2490
2325
2235
1566
1816
2007
2325
2247
2373
2004
2128
1969
1921
2339
2072
1796
2270
3204
3104
2715
2934
2556
2316
1895
1606
1895
1898
1860
1378
1094
1211
2251
2241
2109
1941
1733
1706
1904
1691
1557
1527
1517
1464
1319
1633
1593
1557
1509
1352
1772
1884
1618
1723
1816
1784
1714
1801
1151
1229
1394
1670
1478
1549
1499
1337
1832
1673
1818
1648
1794
1655
1735
1593
1548
1602
1562
1537
1514
1578
1624
1717
1611
1669
1025
1734
2038
2315
2193
1839
2131
2081
1723
1630
1867
1727
1548
1415
1762
1807
1649
1511
1492
1494
1400
1590
1444
1420
1820
1216
1612
1062
1343
1755
1677
1519
1707
2116
1855
2122
2841
2186
2467
2239
2136
2027
1822
1866
2035
2040
1939
2197
2088
1571
2406
1645
2524
2243
2505
2228
2368
1929
2069
2036
1967
2490
2212
2339
2182
2558
2596
2821
2688
2795
2600
2682
2727
2651
2809
2623
2753
2125
1944
2366
2278
2197
4576
3518
2702
3083
2698
3002
2989
2862
2866
3246
3160
2872
2891
2621
2954
2404
3097
2688
3015
2657
3534
2508
3328
2157
3422
3043
2630
3075
3172
3225
3033
3334
3101
2907
3171
3238
3028
2995
2896
3459
3404
2073
1982
2584
2354
2881
2840
2606
2453
2562
2597
2541
3526
3035
3077
2699
2314
3115
2972
3031
2834
3044
3260
2896
2442
2320
2176
2309
2563
2011
2737
2836
2862
3032
759
1835
2360
2467
2377
2419
2361
2267
2345
2337
2492
2273
2475
2267
2366
2337
2613
2292
2420
2398
2341
2337
2510
2798
3443
2977
2518
2777
2530
3287
3410
2503
2297
2223
2551
3866
3436
2721
2828
2959
2470
2622
2103
2871
2124
2587
1694
1888
2207
2807
2444
3253
2701
2221
2849
2334
2870
2540
2282
2994
2320
3028
2556
2638
2193
2381
2938
2424
2575
2470
2442
3131
3182
2318
2581
2363
2845
2273
4338
3210
2543
2740
2835
3120
2594
3118
2990
2962
1810
1253
1851
2210
3313
3016
2799
2830
2783
1913
2529
2782
2589
3010
2825
2422
1874
2289
2167
3116
2790
2947
2683
2502
3236
2693
2757
2781
2671
3034
2460
2329
2417
2767
2830
2831
2870
2727
3054
2392
2164
1901
2058
1929
1901
1885
2205
1857
2151
2571
2198
2082
2359
2298
2222
2912
2980
2947
2794
2992
2683
2653
2716
2994
2622
2644
2670
3384
3196
2808
2840
3203
2418
2899
1966
2748
2500
2493
2299
1795
1512
1783
2067
2045
2008
2364
3030
2672
2857
2727
2520
2701
2683
2805
3001
2390
2678
2787
2414
2541
2445
2773
2292
2985
2207
2352
2437
2446
3022
3263
2645
1420
2783
3815
3263
3384
2428
2658
3003
2629
2157
2089
2757
3013
3006
2572
3083
2710
3054
2977
2682
3161
2904
3395
3238
2777
3068
2849
2931
2816
2959
2365
1995
2450
2290
2589
2234
2197
2320
2419
2406
2417
2533
2788
2310
1979
2698
2566
1986
2824
1609
1998
2275
2720
2877
2582
2744
2387
2573
2482
2659
2360
2753
2812
3076
2882
2929
2950
3048
2959
3022
2550
3175
2518
2882
2295
2531
2823
2802
2743
2554
2805
2671
2914
2415
2923
2675
2841
2403
2209
1708
1733
1836
1466
1655
1560
1797
1989
1846
2297
2142
2058
1961
1966
2416
2280
2216
2426
2306
2412
2281
2209
2253
2581
2321
2362
2504
2481
2211
2351
1848
1900
2184
2283
2159
2171
1907
2090
2421
2581
2485
2500
2723
2336
3006
2211
2413
2367
2520
2639
2518
2565
2595
3246
2670
3179
3191
2938
3491
2821
3505
3261
2993
2885
2624
3172
2814
2779
2996
2843
2899
2983
2013
2300
2135
2255
3162
3450
2653
2935
2596
3763
2936
3255
3438
2927
3276
3315
2918
2707
2386
1558
1849
1649
942
1087
1574
1670
1590
1740
1767
1916
2035
2315
2274
1888
1325
1479
1908
1812
1766
1310
1297
1678
1392
1923
2370
2127
2263
2160
2138
2129
2037
2207
2586
2506
2126
2580
2068
2560
2098
2311
1916
2171
1965
2259
2076
1635
1844
1636
1917
3417
1788
1618
1709
1471
1484
1428
1558
1547
1476
1557
1521
1646
1638
1527
1463
1838
1619
1536
1563
1570
1521
1860
2091
2603
1854
2406
2086
2742
2702
2149
2506
1979
1418
1453
2241
2071
2510
1818
2287
1788
2152
2866
2244
2195
1611
1674
1576
1511
1497
1552
1499
1414
1486
1598
1450
1315
1698
1477
1369
1519
923
1715
1625
1742
1676
1793
2328
2467
2266
2365
2586
2050
2190
1698
1826
1559
1646
1451
1483
1736
1484
1487
1827
2985
2327
2398
2214
2475
2014
1758
1442
1489
1866
2078
2762
3126
2528
2749
2017
2567
2830
3155
3438
2904
3496
3718
3356
2545
1593
1787
2760
2442
3206
3580
2987
3361
2955
3063
2813
2878
2181
1923
2222
2220
1994
2261
3096
3136
3087
2548
2531
2995
2791
2777
1397
2687
3058
2304
2079
2743
3176
2528
2167
2755
2048
1673
3055
2507
2574
2687
3342
2366
2503
2931
2361
2881
3063
3224
2968
2443
2539
2888
3309
3387
3705
3548
3656
4166
4330
3904
3741
2904
3013
3045
3058
2448
2253
2086
2099
2439
1971
2213
2721
3198
3097
2903
1894
1930
2486
3014
3495
2773
2885
3333
2515
3802
2864
1801
1737
2027
1980
2034
2154
1970
1829
2160
2127
1749
2088
2079
2754
2438
3338
3023
2877
3206
2030
2767
2125
4079
1424
2570
2768
2317
2147
2448
2505
2910
2488
2621
2644
2550
2370
2572
3025
2871
2663
2417
2209
2150
1896
2608
3204
2558
3277
2753
2452
2294
2503
2604
2974
2723
2975
2735
2465
2721
2261
2448
2267
2730
2022
1079
1917
1677
2193
2125
1780
1707
2226
2078
2688
2769
3161
2608
2674
2776
2767
2421
2446
3036
2918
2415
2906
3837
3703
3602
3789
4206
3799
3930
4132
4258
4012
4345
4199
3871
3805
3507
3134
3570
3274
2002
1285
1813
1774
1748
1913
1906
2200
2038
2691
2850
2644
2854
2116
2426
1991
2139
2373
2357
2060
2050
2307
2948
2912
3021
2942
3077
3218
3090
3720
3671
3557
3736
3776
4025
4001
3995
3855
3648
4101
3620
4088
4182
3980
4282
1383
913
832
1527
1953
1940
1977
2325
1980
2453
2137
2043
2361
3741
3549
3617
3921
3731
4147
3783
2866
3052
3363
3731
3971
3824
4240
4003
4154
3729
3824
4278
3783
3850
4149
3338
3657
3373
3300
3365
3537
3159
1903
1603
1734
1463
1781
1871
2240
1871
2218
2027
1868
2224
2326
2678
2573
2899
2125
2326
2633
2828
2506
2757
2373
4205
3595
3698
3748
4083
3432
3894
4033
3333
4163
3844
3912
3885
3900
4295
3487
4022
3210
2547
2444
1383
2106
2168
2013
2364
1521
1943
2666
2458
2023
2145
2311
2544
2173
1828
2004
2570
3770
3556
3497
4130
3773
4003
4127
3772
4391
4310
4297
4000
4273
3312
3020
3828
3154
3351
3900
3325
3880
3278
2584
3081
3260
2813
3134
1695
1867
2117
3969
3473
2245
3078
3909
1483
3130
3679
3321
3425
3384
3430
3635
3303
3304
3629
3101
3617
3552
3164
3517
3322
3522
3551
3159
3614
3472
3146
3688
3292
3330
3384
3660
3075
3632
3305
2590
3034
2759
3126
3011
3282
3047
3109
3207
3261
1524
2953
4159
3865
3633
4106
3940
4212
4133
2520
3610
3331
4071
3331
1381
3143
3572
3474
3084
2754
2935
3135
2942
2971
3178
3066
3273
3013
3114
3212
3035
2970
3293
2971
3273
3271
3099
3363
3285
3335
3217
2977
3324
3409
3145
3570
3425
3421
3192
2436
1867
2028
2675
2433
2937
3802
4271
3930
3802
2953
2033
2557
2018
3030
3281
3091
3309
3303
3041
3275
3137
3294
3295
3113
3463
3220
3078
3266
3523
3017
3350
3132
3324
3400
3269
3231
2653
2981
2727
2542
2686
2419
2356
2451
3012
3080
1837
1909
2012
2751
2857
2518
2901
2369
2667
2727
2576
2918
2077
1715
3187
3196
3101
3312
3274
3248
3310
3138
3157
3272
3106
3399
3198
3274
3323
3088
3359
3513
3061
3404
3172
3479
3300
3112
3255
3428
3023
3395
3089
3288
3287
3248
2479
1556
2461
2570
2401
3614
3780
3663
3469
4115
3974
3847
4215
4321
4301
4317
3063
3572
3401
2825
1385
1867
3408
3480
3292
3332
3604
3142
3558
3528
3272
3435
3384
3469
3623
3223
3394
3460
2553
3081
2745
3148
3156
3063
3221
2972
3187
3355
3131
2791
1825
2387
2718
2354
2474
2777
2650
2325
4045
3658
4474
4468
3475
4168
4137
3734
2803
3151
2540
2294
2929
1199
2042
2281
3146
3007
3245
2988
3160
3245
3359
3028
3313
2814
3226
3336
3091
3385
3236
2998
3225
3157
3354
3409
3146
3412
2094
2619
3026
3841
3725
3346
3904
3941
2896
3096
3696
3795
4215
3850
3612
4304
4844
4389
3935
4480
4476
3457
3112
3474
3364
3351
1265
1930
3254
3356
3012
3760
3685
3253
3299
3628
2984
3237
3913
3837
3232
3653
3160
3291
3961
3429
3348
2585
3142
3105
2873
3289
2371
2701
2780
3490
3874
3529
3705
4093
3871
4151
4115
4230
3960
3943
3718
3200
3500
3380
3306
3453
3250
3773
3324
3496
2639
2364
2637
2905
2641
1698
3300
3342
3549
3197
3568
3147
3793
3320
2552
3047
3014
2969
3232
3033
3214
3265
2936
3247
3004
3225
2978
2101
2611
3237
3961
4042
3731
3883
4269
3401
3958
3898
3881
4426
4163
3862
4142
3118
2618
2336
2449
2403
2311
2650
2196
2506
3103
2712
1537
3086
3092
3093
3269
2859
3222
3355
3298
3153
3424
3083
3355
3205
3445
3320
3050
3318
3194
3144
3374
3294
2340
2556
3309
4042
3709
4299
4407
4434
4490
4967
4935
4725
3559
3593
3468
3372
3512
3573
3492
3595
3595
3385
3522
3216
3519
3397
3379
3559
3405
3461
2951
3521
3203
3187
1302
1891
3598
3702
3225
3454
3548
3313
3461
3437
3368
3490
3288
3422
3687
3547
3282
3517
3243
2399
1686
2134
2490
2769
2450
2313
2024
3528
2555
2807
1663
2055
1665
3866
3461
3895
3916
3941
4244
4173
3745
4364
4409
4291
4329
1702
1579
1720
2241
3588
2819
2288
2739
1741
1795
1655
2411
2536
2573
2046
2686
2881
2981
3059
2463
2898
3866
2054
2369
2111
2608
1974
2042
2255
2178
2072
2563
3385
3728
3775
4336
4448
4882
4677
4640
4522
4422
2416
1780
2033
2089
1225
2172
1792
2061
2275
3184
3279
2796
2372
2699
2240
2471
2558
2620
2166
2475
2540
2427
2373
2574
2518
2837
2592
2329
2579
3041
2306
3317
2027
2167
2571
2614
2506
1787
3829
4312
4923
2602
3828
4144
2131
919
3081
3200
3216
2358
2129
3597
4697
4217
4636
3892
2428
2193
2161
2373
3057
4210
2650
3249
3698
2790
3033
2511
2786
1734
2642
2023
2927
2812
2551
2666
2146
2250
2316
2161
2564
2738
2735
3892
3279
2177
2735
3086
1822
2920
3130
3103
3197
3552
2891
3760
2620
2897
2808
3442
3489
3104
3392
3718
3139
3480
4019
3397
3040
3534
3429
3239
2585
2804
4627
4145
4387
4301
4582
4115
4370
4361
3728
2837
2646
2841
3447
3342
2968
2733
3011
2918
2570
3610
2932
2668
2763
2701
1802
2111
2168
1795
2691
2581
2498
3032
2826
1551
2207
2154
2498
2699
2474
2668
2275
2497
3195
3803
3932
3707
3815
3815
3536
2568
1839
2303
2267
2656
2276
2312
2525
2524
1815
3465
2167
2610
3177
3591
3369
3414
2660
3422
3253
3492
3011
4282
3888
2776
3079
3847
2802
2622
3696
3846
2951
3345
3448
3748
2665
3293
3753
3454
3636
3188
2567
2696
2721
3577
3640
3243
3441
2575
3189
3516
3537
2790
3062
3396
3785
2665
3313
3612
3602
3746
2757
3016
3518
3787
3343
3430
2720
3219
3685
3661
2793
2463
2442
2409
2394
3357
3668
2240
1257
1804
1910
1593
3390
2600
3084
3346
3641
3888
3683
3883
4130
3881
4065
3874
3965
4001
3910
3424
3949
3310
3559
3527
3631
2505
2856
2656
3075
3048
2913
2876
2942
3260
2900
2805
3244
2980
3412
3253
3320
2696
2836
2953
2805
1773
1736
2123
2566
2642
2398
2543
2891
3170
3610
3301
4248
4612
4681
4004
4570
4741
4100
2907
3301
3156
3421
3502
2974
3201
2689
3127
3075
2714
3159
2916
3137
2880
3110
3188
3101
3317
3179
2315
2650
2675
2915
2481
3128
2721
2314
3172
2730
3735
3157
4438
4793
4413
3428
3598
3652
3449
3677
3639
3479
3635
3217
3455
3635
3619
3483
3663
3637
3390
3454
3632
3447
3610
3571
3436
3623
3514
3275
3620
3288
3353
3748
3438
3665
3602
3479
3637
3667
3443
2281
2710
4344
4782
5144
3695
3677
3658
3471
3641
3667
3566
3677
3649
3615
3171
3580
1500
1641
2071
3331
3148
3259
4222
3565
2249
3417
4436
5096
3653
3607
3625
3575
3645
3691
3656
3679
3654
3658
3608
3717
3603
3675
3695
3559
3621
3658
3590
3568
3572
3739
3684
3652
3639
3709
3664
3617
2833
2604
4175
4878
5194
3559
3664
3714
3624
3694
3673
3577
3707
3683
2367
3211
4096
4210
3149
1191
3763
3532
3691
3665
3585
3653
3714
2353
3927
4537
4132
3652
3664
3696
3673
3681
3668
3676
3742
3602
3675
3676
3568
3702
3672
3532
3692
3472
2947
2950
3113
2963
2794
3427
2929
2403
4210
4950
3008
3099
2963
3052
3035
2918
3041
2867
2600
3559
3141
2574
3087
3003
2846
1416
1993
3746
3664
3500
3718
3711
3495
3703
3665
3500
3711
3676
3538
3507
3646
3534
3694
3694
3513
3623
3260
2942
4113
3418
3537
3770
3403
3863
3658
3428
3885
3646
3389
3863
3524
3478
3858
3642
3388
3924
3660
3502
3878
3706
3428
3098
1798
2754
2515
2590
3096
3448
2552
2079
1596
1912
2049
1937
2275
1842
3297
2884
2860
2970
2955
2933
2832
3510
3837
3933
3661
3943
3979
4027
3984
4035
3977
2278
3472
3627
3865
3920
3627
3912
3944
3799
3746
3992
3984
3767
3993
4578
3849
4024
3302
3640
4022
4058
4526
3918
3750
3819
3669
2480
1909
2929
3930
1786
1929
3179
3334
3597
2145
2678
3563
2519
2646
1798
3058
2620
3685
4385
3348
3032
3326
2955
3362
2129
2574
2251
1837
2948
2887
2900
3595
2258
1910
3491
5170
5089
2580
3514
4533
5089
4755
5181
5316
3310
2762
2904
3024
2170
1348
1990
1528
2713
3083
3285
4235
3309
2738
3006
2876
2885
2912
2983
3172
3071
2983
3046
2972
3072
3516
3500
3699
3673
3477
3677
1851
3467
4258
4230
3301
3258
3106
3255
3320
3275
3269
2511
3095
2321
2562
3783
2933
3156
3048
2565
3242
2698
2399
2289
2241
1657
1896
3274
3252
3105
3253
3103
3390
3237
3073
3238
3305
3064
3267
3181
3310
3271
3137
3082
1943
3639
4312
3729
3276
3338
3157
3363
3304
3163
3317
3187
3282
3335
2291
3163
3988
3777
3320
3252
3285
3323
3114
3284
3295
2060
2452
2948
1902
2406
2840
5417
3189
3340
3091
3370
3321
3114
3305
3164
3278
3151
3202
3330
3341
3121
3356
3088
3382
3325
3106
3436
3323
2142
3690
4357
5032
3126
3299
3322
3355
3202
3379
3369
2804
3382
3150
3342
3367
3178
3354
3327
3238
3336
3173
3485
3336
3209
3357
1988
2688
4198
4368
4048
3369
1409
3415
3276
3304
3326
3182
3320
3300
3325
3304
3285
3316
3361
3161
3377
3332
3219
3310
3214
2298
3702
4380
3672
3343
3219
3299
3325
3289
3317
3312
2400
2605
3227
3562
3254
3404
3342
3196
3359
3376
3263
3338
3215
3487
3382
2201
3837
4750
3531
3141
3703
3381
3453
1410
3330
3195
3519
3304
3247
3338
3354
3224
3313
3379
3161
3400
3125
3294
3324
3192
2049
3148
4115
4132
2985
3192
3260
3154
3191
3162
2386
1035
1642
3181
2178
1729
3073
3750
3749
4208
4163
3910
2357
2202
2861
3117
2584
2987
2953
2547
2359
2653
1721
3104
3033
2916
2969
2933
3021
2982
2182
1994
4004
4721
5117
3672
3591
3685
3422
3602
3748
3599
3657
2424
2007
2885
3128
2972
2255
3302
3302
2932
3010
4531
4476
5402
4897
5359
3575
3685
2706
2697
3810
4870
5138
3776
3636
3703
3705
3692
3382
3551
3506
3222
1394
2047
3611
3672
3690
3573
3667
3703
3558
3691
3705
3517
3692
2241
2897
3713
3614
3938
4277
3776
3998
4042
2562
1731
2624
3593
3636
3865
3952
4401
3787
3921
3985
3734
3966
3941
3705
4342
4091
3727
3955
2117
2638
3593
3749
4058
3988
4438
2977
3068
3064
2670
2809
2808
2777
2823
1015
2945
2566
2618
2480
2950
1382
2552
3167
3305
4522
3197
3156
3558
2124
2448
3226
4593
5112
4786
4835
3642
3523
3658
3672
3363
3532
3619
3414
3529
3631
3414
3527
2275
3676
4382
4003
3773
3649
3424
3834
3617
3472
3783
3601
3577
3347
3425
3538
3294
3361
1362
1958
3607
3653
2220
2778
3351
3735
3858
3479
3772
4214
3318
3805
3924
3590
2149
2254
2622
3073
4149
3619
4019
3078
3028
2890
3022
3021
3471
2721
2450
4035
4786
4840
4051
3665
3442
3793
3597
3422
3738
3472
3431
3711
3671
3459
3633
3669
3594
3257
3795
3562
3381
3521
1121
3497
3889
3665
3511
2857
2689
3900
4894
4608
3370
3766
3640
3484
3169
3309
3269
4100
3642
3508
3673
3588
3439
3627
3665
3355
3672
3637
3492
3661
3645
3453
3661
3658
2291
3696
4374
4789
3664
3612
3663
3628
3624
3648
3650
3663
3635
3658
3653
3636
3619
3645
3637
3355
3723
3534
3360
3646
1478
3660
3633
2257
3289
4690
5078
3721
3802
3676
3461
3832
2438
1343
2156
3155
3175
3239
2946
2354
2805
2140
2116
2282
2040
1288
3010
4566
3293
3816
3423
3113
2866
3133
3202
2878
2427
2669
2526
2544
2574
2385
2137
2479
3516
880
2311
2592
2863
2498
2649
1751
2327
2126
1859
1694
2174
2082
1868
2037
1540
2021
2161
2998
3207
2717
3086
2699
3082
1867
2120
1877
2058
1510
2234
3178
2763
1926
1820
1239
2068
2023
1777
2655
2195
1481
1887
2769
3344
3752
3903
3952
5070
4901
4960
3297
2656
3412
3196
3098
2699
1731
3001
3608
3837
4212
4349
3243
2894
2769
2745
3041
2753
2820
2675
2853
2906
2797
2933
2949
3097
2937
2630
2374
3554
2009
3434
1396
1740
2472
1909
2222
3321
2972
5094
4597
3735
1834
2879
2970
3331
2759
2964
3332
2852
2780
2136
3619
3769
3966
4210
2859
3044
2934
2707
3022
2675
3002
3075
2843
2927
2966
2863
3284
3738
3544
3354
3603
3556
3565
1742
2670
2543
3683
4205
4111
2585
2834
2991
2732
4271
4664
3011
4182
3843
3352
3627
3351
2816
2915
2763
3091
2931
2840
2891
2001
3032
3453
3913
3971
4053
4170
3646
2892
3113
2981
2861
2990
2794
3072
2988
2923
2961
2866
3469
3370
2757
2144
3008
4042
4854
4889
3448
3311
3679
3223
3192
1022
1829
3313
3009
3146
3072
3352
3210
3025
3226
3216
3042
3221
1793
3201
3858
4393
3274
3044
3225
3231
2896
3321
3083
3376
3238
3084
3324
3232
2907
3402
3144
3214
3215
3056
3214
3326
3242
2323
2281
3895
4370
3407
3250
3218
2961
3858
3370
3347
1038
1732
3254
2803
2674
2690
2590
2900
2712
2842
2742
2834
2908
2793
2142
3840
4962
3639
3137
3270
3260
3190
3300
3107
3246
3314
3103
3292
3310
3226
3216
3174
3291
3194
3101
3291
3293
3208
3310
2378
2429
3958
4894
3752
3263
3007
2505
1460
2480
2423
3187
3717
3544
2346
3348
3333
2670
3292
3292
3187
3276
3095
3282
2146
3926
4909
3477
3107
3229
3074
3244
3312
3104
3269
3276
3273
3245
3123
3157
3287
3122
3258
3290
3253
3284
3192
3200
3286
3045
2240
3828
4987
3481
3106
3337
3270
2054
1908
2566
1691
2248
2261
2032
1875
4282
5512
4909
3518
3218
3092
3306
1951
3652
4786
4816
3300
3248
3134
3266
3260
3303
2892
3500
2896
3856
2901
3913
2976
3449
2715
3077
3652
2732
3473
1880
3314
4454
4784
4184
2941
3803
2825
2174
1025
1235
1355
2390
3721
4642
3422
3603
3965
3097
2790
1410
2531
3832
3741
3183
3070
3163
2732
3124
2973
3043
2764
3173
2982
3281
2583
3303
2525
3987
3024
3198
3111
3213
3197
3237
3194
3259
2124
2653
3351
3727
2318
2412
2666
2088
2414
2619
3455
3471
3094
3419
3549
3866
1242
2228
1882
2122
1538
2972
4203
3767
3932
3910
3883
3723
2860
2821
3081
3021
3143
2997
3264
2816
3824
2779
4056
3110
2972
3874
3119
2936
4231
2083
2179
3221
3892
2956
2820
3280
4096
3273
3054
4228
2888
3081
3900
2952
2948
2233
2608
1449
1877
3031
4025
3005
2312
2698
3361
3460
3318
3505
3901
3197
3849
2982
3906
3138
2970
2543
2444
3419
2730
2458
3387
2790
3247
2395
3445
2994
2091
3063
3734
3469
2639
1661
2935
3765
4531
4244
3465
5099
3147
2911
4120
3050
3013
3624
3023
3309
2870
890
3315
4562
4166
3070
3680
3095
3599
2578
3234
4012
2908
2422
2982
3824
4589
2946
2356
3022
3700
4073
3025
2363
3096
2307
1752
2686
2512
2894
3628
1931
2089
1931
1762
2744
2253
1959
2210
2238
2241
3022
3076
2879
4020
3185
5055
3577
1787
2720
3275
3745
3348
2706
2890
2774
2962
2791
2948
3365
3357
3533
3080
3450
3126
2799
4009
3183
2868
4042
3091
3500
1077
1832
2252
1666
2537
1488
2892
3880
2259
2313
2442
2472
2541
2290
2418
3065
3121
2358
1375
2032
2123
2562
2203
2180
2167
1768
855
2441
3443
3399
3418
3083
3395
3438
4262
3051
1703
2409
3144
2840
3599
3815
4266
4474
4144
4366
3001
3078
2706
2987
2676
3204
2596
3289
2632
3325
2763
2706
1295
1577
1919
2627
3323
4108
3792
3487
5122
5341
4770
4422
3025
2875
3013
2845
3147
3019
2963
3003
2826
3014
1857
2694
3274
3232
3958
4078
3350
2065
1556
2158
2111
2767
3265
3534
2798
2754
2849
3229
3621
2420
1804
2373
2547
3022
2832
3185
3425
3974
3306
3486
2851
3038
1494
2881
3286
2621
3044
2910
4144
4122
4185
4118
2838
3119
2898
2913
2923
2938
2770
3046
2882
3013
2233
1779
1628
2396
3205
3131
2875
2207
2642
2276
2517
2168
3475
3483
3728
3269
3356
3604
3582
1894
2399
2579
3639
3257
2239
2585
2817
2896
2983
2949
2907
2973
2930
3628
3603
3399
3625
3640
3402
3610
3632
3417
3582
3645
3485
3585
2763
2728
3352
3883
4142
3572
3430
3590
3625
3414
3538
3570
3412
3531
3623
3343
3629
3619
3461
3604
3621
3500
3637
3599
3586
3631
3616
3316
2419
3167
3714
3174
1168
3617
3601
3624
3393
3641
3641
3459
3632
3650
3514
3593
3623
3454
3593
3671
3449
3640
3665
3445
3679
3608
2849
2883
3032
3789
3954
3910
4413
3875
3717
3628
3606
3667
3621
3593
3632
3465
3698
3343
3878
3661
3417
3812
3644
3419
3829
3663
3447
3815
3623
3602
3362
2525
3299
4206
4416
1332
1958
3690
3627
3425
3685
3631
3429
3611
3668
3537
3632
3642
3460
3607
3621
3487
3623
3648
2839
2724
2866
3241
2467
3897
5076
4662
3401
3625
3046
3435
3641
3581
3506
3604
3653
3528
3628
3648
3568
3641
3658
3607
3624
3500
2949
3576
3448
3507
3543
3542
3287
3532
3453
3240
3462
1784
3654
3300
3554
3624
3355
3599
3637
3429
3632
3565
3475
3619
3616
3455
3579
3601
3255
1640
2701
2198
2173
2999
1774
2829
3727
3827
4347
3393
3971
4038
3295
3441
4088
3478
3508
3556
3648
3783
2387
2472
2856
2640
2982
2420
3029
2568
3287
2592
2175
1707
1840
3005
2593
3160
2644
3058
2473
3267
2418
3334
2633
1584
1631
2849
2922
3603
4301
4892
5271
5506
4880
5307
3033
2955
4133
3081
2998
3968
3106
2950
3878
3196
3736
3168
2908
4170
3088
2852
4127
3193
3425
3221
2942
4128
3273
3059
2816
2708
3248
3456
3390
1988
3777
3046
3020
4205
2939
3091
4083
3501
3100
2950
4168
2030
2736
3502
3835
3691
3213
2739
3220
3084
2994
3202
3074
2926
3148
3529
3132
3198
3273
3236
3079
3255
3058
3434
3261
3431
3079
3257
3273
3315
2887
3451
2897
3189
3301
2950
3150
3558
3423
3231
1281
1927
3266
3175
3291
3258
2707
2948
3401
1876
1940
3027
4151
4198
4719
3180
3173
3159
3127
3293
2899
2404
3241
2615
2691
3450
3004
2524
2708
2985
2772
2707
3568
2805
3568
3516
3223
3090
3756
3065
3331
3346
3100
3311
3292
3598
2964
3261
3352
3158
996
3071
3738
3205
3095
3250
2067
3255
3930
3183
3314
3291
3717
3191
3087
3668
3254
3149
3272
3277
3105
3277
3088
3297
3279
3127
3244
3290
3385
3248
2952
3742
3196
3245
3260
3250
3068
3294
3094
3244
3313
3527
3226
3313
3566
3206
3275
3097
3225
3100
2360
1422
1891
3129
3255
2559
1950
2176
2951
3044
2940
3041
2116
2921
2895
2320
2470
2237
3095
4655
4798
4555
5232
5443
5305
4273
3608
3641
3466
3671
3615
3462
3633
3688
3436
3684
3672
3401
3690
3620
3491
3652
3668
3546
3627
3664
3474
3644
3625
3597
2441
1823
2123
2018
2943
2922
3028
3074
2570
1614
3029
3445
1795
2562
2743
3419
2610
2662
2232
2790
3425
2530
2411
2245
2848
2482
2248
1821
2361
3177
2564
3068
3168
2800
3100
3279
3369
2895
3068
2548
2857
2661
3087
2216
2215
1572
1664
2475
2637
3000
2955
2056
2466
3133
2863
3198
3635
3088
3646
3663
3901
3399
3431
3335
3736
3483
3238
2454
2883
3580
2923
2485
3120
2405
3180
2626
3185
2913
3033
2913
3572
2992
3619
2910
3667
3246
3409
3039
3563
3175
2975
3976
2458
1492
1562
1493
2730
1914
3150
3644
3209
3419
2656
3495
3624
2440
3631
3561
3215
2662
2836
2730
2822
2585
2880
2686
3174
2979
2825
3025
2992
3694
3615
3469
3633
3637
3512
3648
3602
3462
3637
3661
3467
3671
3631
3467
3617
3658
3511
2495
1860
1743
2684
3463
3858
2549
5055
4868
3462
2898
2844
2930
2896
2880
2920
2803
2981
2854
3035
3003
3322
3669
3637
3403
3667
3653
3450
3645
3608
3468
3616
3641
3606
3606
3688
3594
3641
3624
3607
3628
3657
3658
3629
3656
3606
3632
3644
3640
2572
2667
4428
5025
3491
3640
3661
3576
3195
3868
3471
3291
3619
1839
3675
3632
3473
3646
3665
3591
3621
3668
3611
3621
3608
3629
3477
3665
3648
3604
3645
3624
3435
2560
3809
5027
3531
3699
3685
3403
3698
3664
3486
3716
3687
3434
3760
3650
3511
3688
3707
3451
3728
3656
3501
3640
3263
3034
3709
3907
3473
3685
3664
3454
3683
3681
3614
3287
3669
3371
3456
1883
3952
3650
3442
3888
3677
3661
3658
3685
3681
3660
3665
3695
3661
3661
3698
3675
2880
3019
2971
2333
3204
3071
3628
4977
5305
5564
3347
3688
3660
3523
3631
3699
3456
3652
3687
3526
3687
3668
3516
3694
3498
2619
3052
3216
2212
2478
3047
3548
4014
4759
3298
3523
3243
3727
3492
3348
3544
1903
3699
3449
3656
3650
3422
3723
3688
3453
3684
3661
3468
3757
3657
2383
3267
4011
4135
3660
3416
3556
3623
3672
3437
3667
3665
3478
3690
3700
3494
3631
3680
3484
3644
3665
3566
3684
2712
2500
2743
3456
2942
2485
2993
3536
3904
3363
3348
3815
5530
4555
3918
2847
3642
3390
3357
2811
1832
3254
3095
3259
3070
3445
3256
3228
3245
3255
1470
2270
3188
4384
4484
4604
3980
3164
3334
3327
3159
3313
3311
3244
3337
3259
3360
3289
3212
3304
3297
2360
2897
3573
4786
2142
2398
3974
4345
3546
3282
3154
3300
3331
3127
3302
3269
2983
3424
3570
3328
3150
1882
3340
3176
3351
3276
3217
3274
3343
2101
2574
3702
4450
3357
3128
3304
3110
3372
3299
3192
3334
3301
3124
3322
3175
3415
3311
2740
2522
2928
3210
2333
2460
3972
4492
3226
3306
3196
3305
3327
3122
3345
3085
3357
3290
3174
3347
3305
3265
3079
3246
3089
3162
3333
1910
3330
3267
3310
3256
2454
2334
4009
4518
3060
3317
3328
3142
3331
3306
3135
3305
3142
3362
3271
3153
3379
3313
2235
3138
3827
3328
3247
3192
3286
3301
2106
3506
4042
3691
3270
3130
3313
3102
3320
3316
3120
3343
3298
3135
3295
3273
2944
3673
3469
3351
3188
1875
3313
3131
3300
1916
3522
4378
3303
3487
3270
3274
3289
3299
3122
3326
3297
3295
3293
2979
3527
3303
3132
2508
2495
3203
3337
3181
3277
3223
2146
3380
3943
3815
3293
3303
3265
3157
3357
3300
3169
3297
3294
3250
3298
3246
3309
3298
3290
3096
3459
3326
3408
2780
1780
1992
3642
4775
4608
3174
3302
3229
3306
3306
3122
3298
3310
3290
3322
3174
2778
1930
1926
2206
2730
3225
2815
3886
2838
1833
2431
2651
2270
1855
1198
3717
4679
5010
4159
5783
4743
4897
3185
3322
3147
3303
3281
3241
2470
2408
3206
3168
1204
1854
3301
3168
3279
3300
3120
3316
3086
3294
3314
3183
3327
2803
3286
3292
3235
3323
3284
3175
3307
3299
3160
3301
3203
3355
3292
3176
3342
3309
3121
3309
3130
3261
3305
3147
3332
3299
3150
3302
3171
3424
3298
3134
3291
3352
3278
1990
1832
2115
2098
1353
2470
1759
1732
1390
2430
4899
3264
2244
2234
2488
2852
1801
2073
2181
1508
1990
3108
3226
3473
4464
3910
4151
4231
4730
4133
4355
4732
4152
4344
4928
2648
3479
3258
3029
3246
3255
3053
3441
3340
2985
1726
2004
2068
2978
1661
3141
2790
2953
3276
2503
2233
3557
1961
3157
3240
3211
3266
3282
3253
3514
3234
3065
3265
3243
3261
3236
3136
3259
3255
3099
3263
3073
3487
3289
3207
3303
3311
3125
3289
3302
3301
3301
3174
3330
3313
3166
3299
3309
3281
1940
3327
2515
1248
1918
3277
3298
3086
3281
3088
3368
3280
3180
3312
3315
3100
3312
3098
3333
3317
3130
3354
3298
3159
3314
3138
3467
3273
3216
3267
3318
3135
3302
3307
3284
3304
3143
3303
3314
3121
3313
3320
3299
3309
3185
3315
3309
3173
3278
3333
3246
1923
3260
3832
2929
926
3868
3282
3185
3318
3279
3117
3297
3211
3328
3278
3184
3280
3321
3132
3322
3110
3357
3309
3153
3334
3315
3096
3316
3125
3302
3297
3133
3336
3289
3127
3335
3111
3343
3309
3125
3386
3301
3173
3326
3132
3462
3316
3155
3343
3292
3284
1543
1981
2596
2560
2344
1773
3203
3146
2869
3144
2531
3273
2670
3299
2788
2977
2691
3461
2598
3171
3581
3216
3353
3304
3175
3291
3324
3127
3332
3317
3261
3321
3243
3323
3297
3207
3309
3306
3141
3316
3114
3341
3323
2977
3529
3289
3141
2306
3118
2300
2947
2615
3191
1556
3357
3114
2616
3084
3379
3302
3167
3279
3154
3423
3336
3215
3298
3314
3109
3316
3286
3299
3288
3161
3345
3315
3171
3305
3301
3218
3301
3208
3331
3315
3187
3286
3293
3135
3289
3121
3356
3289
3192
3312
3311
1979
3185
3382
3513
3261
2892
3602
3449
3386
3212
1872
3285
3298
3303
3286
3171
3347
3285
3140
3314
3284
3271
3287
3257
3312
3293
3194
3315
3290
3151
2653
3287
3271
3307
3147
3293
3324
3277
3278
3184
3278
3313
3126
3304
3320
3291
3256
3075
3474
3309
3181
2476
2672
3345
3631
3175
3288
3298
2910
3903
3510
3328
3208
1879
3315
3288
3119
1945
3495
4524
3849
3144
3278
3192
3443
3317
3152
3291
3312
3126
3302
3312
3299
3276
3170
3378
3290
3212
3324
3281
3160
3285
3201
3353
3294
3187
3293
3345
3088
3374
3107
3295
2564
2606
3150
3177
3315
3295
3125
3315
3311
2914
3629
3519
3200
3357
1892
3294
3305
3304
3286
3163
3359
3311
3206
3302
3307
3139
3303
3207
3365
3294
3186
3324
3307
3123
3331
3117
3343
3295
3117
3409
3305
3222
3307
3139
3467
3343
3170
3138
3473
3136
3316
2485
2911
3185
3200
3277
3135
3469
3282
3207
3314
3288
3267
3148
3669
3285
3185
1889
3314
3282
3121
3297
3325
3293
3297
3209
3348
3317
3164
3299
3316
3148
3315
3185
3340
3304
3203
3310
3310
3100
3320
3106
3342
3278
3170
3307
3331
3133
3287
3123
3356
3320
2050
2757
1881
2713
4266
4675
4221
3171
3280
3302
3146
3294
3320
2909
3685
3477
3105
3512
1898
3269
3309
3275
3242
3286
3306
3312
3229
3316
3322
3124
3325
3107
3331
3312
3174
3331
3324
3135
3294
3140
3455
3302
3140
3286
3310
3185
3316
2717
2728
2907
3070
3321
3232
3324
3313
3177
3321
3325
3130
3322
3099
3310
3348
3148
3317
3309
3257
3305
3542
3293
3211
1883
3359
3285
3185
3318
3126
3455
3303
3223
3277
3302
3135
3309
3315
3309
3309
3217
3327
3306
3260
3298
3327
3170
3340
3120
3341
2004
2585
2174
2242
3092
2880
2644
2087
3869
3288
2906
2538
2289
1431
1283
3431
4415
5252
3334
2812
2289
2874
4892
3481
1714
3087
2904
2783
2913
2865
3003
3010
2886
3022
2909
3178
3636
3514
3660
3665
3489
3679
3650
3460
3143
4029
3544
3627
3648
3571
3654
3650
3585
3648
3654
3604
3629
3661
3623
3672
3642
3633
3644
3660
3576
3663
3645
3591
3671
3653
3624
3641
3668
3663
2564
1634
3081
1187
1772
2410
2075
2844
1764
2765
3632
3818
4293
2289
2575
2163
2184
2647
1843
1858
2468
2004
1197
1970
2993
4108
4526
4233
4315
4161
2401
2562
2682
2617
2439
2694
2338
2727
2767
2734
2204
2401
2605
2692
1779
2751
2277
3359
3586
3232
3231
3215
3174
3224
3267
3241
3121
3219
3302
3242
3228
2663
3278
3249
3092
3257
1565
3828
4589
5497
4113
3242
3102
3263
3177
3363
3291
3172
3324
3325
3111
3300
3102
3328
3305
3144
3343
3309
3148
3318
3271
2476
3046
3030
2075
1369
1897
3368
3262
3147
3331
3183
3324
3299
3204
3276
2948
3225
3334
3267
3305
3313
3187
3321
3285
3154
3322
3119
3368
3300
3149
3372
3266
3115
3324
3124
3277
3306
3101
3404
3293
3125
3313
3152
3415
3299
3150
3312
3307
3184
3294
3292
2942
1960
3004
3593
3865
1380
3272
3252
3300
3112
3292
3276
3330
3285
3171
2691
3307
3163
3297
3112
3325
3341
3171
3317
3338
3158
3302
3165
3408
3322
3258
3310
3334
3126
3309
3311
3316
3311
3125
3361
3293
3198
3310
3302
3213
3286
3185
3362
3322
3187
3306
3330
3262
2836
3320
2991
3348
1426
3310
3159
3131
3453
3273
3312
2310
2627
2970
3589
2540
3495
4385
2309
3316
3322
2566
3269
3139
3516
3263
3187
3313
3317
3121
3303
3309
3315
3311
3253
3311
3307
3194
3291
3332
3202
3303
3107
3370
3297
3140
3355
3291
3137
3326
3214
2969
3669
3415
3408
3179
1834
3326
3121
3369
3286
1872
2706
3265
3874
4526
3685
3367
3305
3224
3272
3174
3468
3332
3188
3334
3314
3107
3300
3317
3301
3321
3194
3338
3315
3216
3314
3300
3195
3324
3103
3363
3314
3170
3320
3302
3126
3307
3116
3348
3273
3114
3354
3323
3281
3267
3590
3260
3207
1877
2472
2990
3597
3770
3136
3373
3313
3173
3306
3316
3160
3299
3236
3373
3302
3194
3309
3313
3123
3355
3132
3365
3301
3131
3356
3330
3171
3302
3193
3418
3331
3149
3271
3341
3125
3298
3318
3307
3312
3245
3311
3295
3196
3288
3320
3202
3295
3277
2950
3657
3455
3330
2296
1612
2239
3571
4199
4892
3231
3403
3139
3332
3277
3164
3330
3293
3269
3289
3237
3355
3290
3218
3282
3317
3125
3291
3151
3314
3309
3138
3352
3279
3140
3305
3112
3357
3322
3125
3392
3300
3180
3303
3114
3506
3302
3167
3316
3292
3163
3165
3460
2918
3617
2795
3456
3163
1885
3342
3141
3350
3297
3214
3304
3305
3148
3300
3107
3302
3304
3152
3362
3305
3134
3309
3154
3430
3288
3151
3293
3326
3160
3304
3232
3365
3333
3174
3266
3318
3121
3345
3307
3289
3323
3263
3274
3314
3210
3306
3303
3173
3263
3125
3359
3321
2459
3210
3115
3095
2880
2615
1833
3109
3363
3277
3169
3288
3145
3460
3311
3252
3262
3332
3149
3302
3315
3312
3315
3217
3337
3281
3216
1677
